iteration, nr_elements, global_error, exact_error
1, 59, 2.860711707090159, 3.4444608676150295
2, 110, 1.412757623662042, 1.6153130498998176
3, 210, 0.722835189902495, 0.797778979777441
4, 407, 0.36237401994523843, 0.39582556435601335
5, 812, 0.19134426253591325, 0.1950230280110862
6, 1611, 0.10409734066017128, 0.0975292849001468
7, 3203, 0.05187221370713546, 0.04867750698692883
8, 6438, 0.024934535008758228, 0.024137582711357655
9, 12907, 0.012471395258196925, 0.012015766968561388
10, 25851, 0.006050653240746805, 0.005992627214305094
1, 59, 3.2609588055221472, 4.32555539489556
2, 116, 1.739435990787402, 2.194237948086304
3, 214, 0.9260803632903098, 1.0525510792217327
4, 413, 0.454227363940687, 0.5124634803622427
5, 829, 0.23988749634738862, 0.24932847373701844
6, 1641, 0.12769351140800025, 0.12329533049255893
7, 3273, 0.06473048215685037, 0.061308461613815694
8, 6534, 0.031485874947981336, 0.030448379250088992
9, 13088, 0.015772698783257016, 0.015180585768356281
10, 26204, 0.007623951483770665, 0.007570531937579315
1, 59, 2.007309875585644, 2.893766862842883
2, 111, 1.2754846720444286, 1.6108592493616127
3, 218, 0.6867022787121868, 0.7740893408524105
4, 411, 0.34954168537536734, 0.37885802163727794
5, 822, 0.18202401490819334, 0.18687193483601539
6, 1618, 0.0989388223115543, 0.09289130467186758
7, 3214, 0.04965067678467724, 0.046292330224308086
8, 6404, 0.024007140084661243, 0.023151108392605122
9, 12814, 0.011976842389392917, 0.01156045546652947
10, 25653, 0.005855502764277654, 0.0057606955860196995
1, 59, 2.588912008346143, 2.9553465543641604
2, 115, 1.2808882894490647, 1.4945043812927514
3, 221, 0.6605521695320502, 0.7094111012787095
4, 436, 0.3237525526965374, 0.34635933976328026
5, 867, 0.17065124180316216, 0.17202797335132858
6, 1724, 0.09054062163883009, 0.08574953115511254
7, 3460, 0.04522093362078563, 0.04249409731787128
8, 6928, 0.02186581393822656, 0.021143841135552666
9, 13884, 0.010966726073114202, 0.010538050603532608
10, 27830, 0.005331331618376163, 0.00524998063000808
1, 59, 2.1261604257845588, 2.305886674998589
2, 106, 1.074494091607247, 1.1860643338506067
3, 212, 0.5506085015461809, 0.578817207389715
4, 423, 0.27221159406940765, 0.283308143485872
5, 837, 0.14150382280104545, 0.13924627642670628
6, 1676, 0.07186754185421249, 0.0691933313041562
7, 3365, 0.0360763383821495, 0.03431186194235691
8, 6813, 0.017366646157868208, 0.016875664622552675
9, 13703, 0.008709915693553696, 0.008374673835945801
1, 59, 3.365281778092392, 3.4397274182998454
2, 112, 1.4974870932698225, 1.5713917848369447
3, 221, 0.7591676854205266, 0.7940612905620059
4, 439, 0.3714389566324627, 0.39497170983948815
5, 875, 0.19549279813525325, 0.19579844301186775
6, 1741, 0.1037056752782725, 0.0980757091700675
7, 3483, 0.05192199776905312, 0.04888023547259067
8, 7004, 0.02510510028297918, 0.024282783818941635
9, 14022, 0.01263189034342177, 0.012118384166320498
10, 28080, 0.006122584941851397, 0.006047474777317279
1, 59, 1.9562717022341223, 1.8102094841055885
2, 112, 0.9258719577508897, 1.043042297273858
3, 200, 0.482139040924987, 0.5187365907514088
4, 386, 0.24910252924358173, 0.2579407044930472
5, 758, 0.12955020721908594, 0.12770822817520966
6, 1496, 0.06933342032743427, 0.06440936916708452
7, 2978, 0.03452672681561345, 0.03204825471166329
8, 5932, 0.016447208831503836, 0.015967805034850395
9, 11882, 0.008214375715443343, 0.007955363255064525
1, 59, 2.805305900423655, 3.0719165613455086
2, 117, 1.3095793985053266, 1.4516569997187674
3, 224, 0.6728867343087073, 0.7129233181388676
4, 445, 0.33002315213701433, 0.35310054823499054
5, 894, 0.17366553528743015, 0.17421737450814218
6, 1784, 0.09216527064882073, 0.08631629177282052
7, 3577, 0.045500165930087884, 0.04280138546990094
8, 7163, 0.022013632516874503, 0.021329971147267708
9, 14353, 0.011065203569355241, 0.010633703388813184
10, 28765, 0.005363869952791234, 0.005301909614308819
1, 59, 3.7415928923693507, 4.0635589753098245
2, 115, 1.6682299821935869, 1.8449143373314485
3, 222, 0.8375254525849591, 0.8985485679119946
4, 435, 0.4149890935002582, 0.4504080634847444
5, 869, 0.21890970009178023, 0.2222883568953603
6, 1731, 0.11741256425715649, 0.11185118432720127
7, 3416, 0.059128760784387634, 0.05600991327515019
8, 6833, 0.029009075402675454, 0.027959934663503185
9, 13653, 0.014576257011899654, 0.01398090553160708
10, 27302, 0.0070594300906237145, 0.006989718566813326
1, 59, 1.1101418871554205, 1.4807472374320871
2, 117, 0.6795785483334279, 0.7758685344764132
3, 221, 0.36904839829793074, 0.3974239506628547
4, 405, 0.19795752831472233, 0.20483305180036773
5, 800, 0.10379774546497486, 0.10195220896658971
6, 1568, 0.05292222153393288, 0.051039415524331895
7, 3117, 0.027065859891928782, 0.025535638407458323
8, 6194, 0.013184543775998096, 0.012802731174572087
9, 12380, 0.006629956669511476, 0.006408094970297282
1, 59, 2.5300109389527035, 3.1407473585703
2, 114, 1.3504628612116703, 1.5501003978693424
3, 215, 0.6748164037450141, 0.7464514803586166
4, 418, 0.3404872121691524, 0.3704247933232095
5, 825, 0.1805472791538495, 0.18399439698284245
6, 1635, 0.09650793599605956, 0.09115676468988419
7, 3263, 0.047802940959177906, 0.04526017510710555
8, 6526, 0.023302119954666304, 0.022568196533429494
9, 13074, 0.01168616577276905, 0.01124459214807125
10, 26196, 0.005674323549705749, 0.005606056652754526
1, 59, 1.427403983835753, 2.077591911886598
2, 118, 0.8923928141720633, 1.0841145389847227
3, 233, 0.504469575924429, 0.5530775539905566
4, 430, 0.2603672938748796, 0.27610790300440385
5, 842, 0.13865551512103125, 0.13922552676092442
6, 1649, 0.07365620121649383, 0.06971944290204964
7, 3277, 0.03807015515715999, 0.03495926318342223
8, 6521, 0.018079596219274394, 0.01751994414075576
9, 13043, 0.009062356684091588, 0.008737752465973579
1, 59, 3.415921198928023, 3.4610351921180738
2, 108, 1.527660111953215, 1.6095914469700583
3, 209, 0.7888305734081208, 0.8193517176974736
4, 407, 0.39068772217485653, 0.4128997151630087
5, 812, 0.2048912068761043, 0.20651761242778943
6, 1620, 0.10890071111203553, 0.10339684917875099
7, 3219, 0.055062600477880336, 0.051875615310446106
8, 6431, 0.02679172765755408, 0.025957540290199938
9, 12860, 0.013530153840005875, 0.012973321948616555
10, 25742, 0.006585338210933559, 0.006479028192430808
1, 59, 1.623139050027941, 1.8486430235638969
2, 115, 0.7878451928816864, 0.8703878504189604
3, 213, 0.41240695580087045, 0.44340088730179766
4, 403, 0.21962790710272784, 0.22805504794711748
5, 814, 0.11364794366621035, 0.11101300315942826
6, 1612, 0.058162825004155407, 0.05546169829611106
7, 3225, 0.028826726481486233, 0.02759154558384164
8, 6461, 0.014115616927224102, 0.013743918568492127
9, 12928, 0.007110003911862972, 0.006863902421253207
1, 59, 1.213049767002892, 1.6761663734487071
2, 117, 0.7508221475370807, 0.8734621968218903
3, 228, 0.38711578159730825, 0.4165276391897772
4, 437, 0.19824767297753687, 0.2059093070422066
5, 869, 0.10456275759279493, 0.10194423582334333
6, 1722, 0.05290181962101171, 0.05080115772034608
7, 3455, 0.02638615286317204, 0.02514128161836793
8, 6937, 0.01282407610239637, 0.01245673348501534
9, 13907, 0.006405127026524861, 0.006199387489773147
1, 59, 9.166664905186117, 3.389630208366068
2, 88, 2.6780130307395726, 2.727677558758629
3, 155, 1.1262505375558491, 1.2998690302357898
4, 286, 0.6310628163280263, 0.7516342504119564
5, 555, 0.3468839748758224, 0.3730598342656955
6, 1097, 0.18797381492665088, 0.1805882746988333
7, 2193, 0.12177608815041609, 0.10099986422758593
8, 4186, 0.051563295597951864, 0.053390455110789464
9, 8502, 0.025244301822500627, 0.02562389302325334
10, 16666, 0.010843619421405307, 0.011486908070936115
11, 31906, 0.004968703269447366, 0.005777120491555585
1, 59, 0.8955652145489973, 1.1690890037354051
2, 118, 0.5342291395855968, 0.5997050280495781
3, 221, 0.2878720587314366, 0.30701471970619876
4, 408, 0.15573546372970676, 0.1594454800106532
5, 807, 0.0818093637072853, 0.0798122450212028
6, 1577, 0.0414331191503101, 0.040067715144776396
7, 3135, 0.020994343919962057, 0.020062822011528432
8, 6240, 0.010320717367505406, 0.010040391572300487
9, 12470, 0.0051832982757980305, 0.005024432245650096
1, 59, 3.196509364001121, 3.566307041779387
2, 115, 1.5619191290542702, 1.7485029342572305
3, 220, 0.7987568031091309, 0.8533475464266201
4, 440, 0.38561403803885075, 0.41637829372186796
5, 881, 0.20381041494901994, 0.20655836383878037
6, 1754, 0.10935794281671757, 0.10296165699911343
7, 3499, 0.054811142036556945, 0.051290373539393905
8, 7026, 0.0263415438263771, 0.025468770881863396
9, 14095, 0.013221273439617875, 0.012684007461739559
10, 28238, 0.006405899248374324, 0.0063256789439771755
1, 59, 2.1293986668769924, 2.6324343650883133
2, 118, 1.1166473828386374, 1.2779750987464926
3, 228, 0.5703320928789457, 0.6223522891761857
4, 448, 0.28573765064587253, 0.30636199181108587
5, 894, 0.1494524305961416, 0.15032481750206386
6, 1766, 0.07995155603634754, 0.07531411438018844
7, 3550, 0.03959612218547747, 0.03715775727346467
8, 7115, 0.019067716998269493, 0.01848633313149741
9, 14273, 0.009542877468352197, 0.009198691087095295
1, 59, 2.543289778657284, 2.873313282496953
2, 112, 1.3519107882395773, 1.9256136543222075
3, 219, 0.7429773778907253, 0.8682727581821678
4, 402, 0.37977116907208425, 0.42402938615448693
5, 784, 0.20201151063747894, 0.212689917562595
6, 1536, 0.1165156385798393, 0.10572591602140119
7, 3051, 0.05923530840101922, 0.052816086734272814
8, 6116, 0.027449694351089675, 0.02632294528394746
9, 12256, 0.013527132346699673, 0.013034860538978968
10, 24439, 0.006642592182241935, 0.0065235459458025035
1, 59, 1.7591035125703454, 2.507669225939971
2, 110, 1.0847643322425484, 1.3493889070500455
3, 216, 0.555131156928595, 0.6175797183533751
4, 418, 0.2789065986503739, 0.3021613167129001
5, 806, 0.1492727741121677, 0.1520886774174818
6, 1597, 0.08113517096583724, 0.07685134634269931
7, 3163, 0.040577099314013536, 0.038109549878090634
8, 6314, 0.01961756542525094, 0.019026856319636024
9, 12640, 0.009801035285593914, 0.009476755867872274
1, 59, 1.342359487274997, 1.2909323148440464
2, 103, 0.687639120902408, 0.7082654071859631
3, 191, 0.33506875201766323, 0.3408200754704182
4, 376, 0.16768271828732503, 0.16557549804954996
5, 748, 0.08481035966456726, 0.08158886449927685
6, 1492, 0.04094367904515861, 0.04094969899696743
7, 2970, 0.02059668951287924, 0.02033934076318335
8, 5947, 0.010406716817988482, 0.010140601969325841
9, 11882, 0.005246843370371395, 0.005061648302564041
1, 59, 3.696776590073344, 3.9299661047783023
2, 110, 1.750765078038884, 1.9675501844374017
3, 207, 0.8869841099256426, 0.9764266881913746
4, 408, 0.44767328929960293, 0.4892567328638999
5, 818, 0.22895811001037178, 0.23450323585141158
6, 1631, 0.12488566994567521, 0.11724248005538258
7, 3251, 0.06356332013051147, 0.05852455690222858
8, 6547, 0.030129081409783105, 0.028931295680911386
9, 13167, 0.01498496639089022, 0.014350550396230188
10, 26387, 0.007243782486249244, 0.007143791937417077
1, 59, 3.010646072713018, 4.112219498491404
2, 108, 1.756986383303762, 2.2010924395226543
3, 207, 0.906667039732618, 1.0683745966695106
4, 402, 0.45685250607759664, 0.5188300887107995
5, 800, 0.24157568834112328, 0.25484133068629855
6, 1583, 0.13248931563144145, 0.12604599029365582
7, 3142, 0.06789166665049731, 0.06304873508299294
8, 6319, 0.03240814225047576, 0.031183695154470736
9, 12706, 0.01611137999960645, 0.015465736490436966
10, 25483, 0.007812484076331356, 0.007693603846514682
1, 59, 2.9658946287767143, 3.01002023487533
2, 113, 1.427620211353489, 1.5189347534712943
3, 215, 0.7036623979373059, 0.7944848061832246
4, 428, 0.3531370248660855, 0.38930469070966633
5, 854, 0.19508140742769334, 0.19054955126795975
6, 1688, 0.10340982592420452, 0.09452607813740221
7, 3384, 0.05639600941583626, 0.046908193878386246
8, 6794, 0.02701740367397112, 0.023317845084935975
9, 13776, 0.012494618167986552, 0.011540337059128271
10, 27570, 0.005681285552071633, 0.005716560939216775
1, 59, 2.57308714442437, 3.1332684945093727
2, 110, 1.2716924648371588, 1.6765319552030695
3, 210, 0.7067329466161796, 0.8381739392787873
4, 403, 0.35688888945718417, 0.40319941682574867
5, 799, 0.20220704937865355, 0.20091697332860542
6, 1585, 0.10790542598596584, 0.09869699646724882
7, 3179, 0.057250422572977355, 0.04875269698943062
8, 6393, 0.02873540449683645, 0.024012532614753054
9, 13045, 0.012894380428872464, 0.011799703015399203
10, 26362, 0.00581654419029148, 0.005811340741691075
1, 59, 3.5280773970832784, 4.002220468762978
2, 110, 1.7757796512857567, 2.036888282974281
3, 202, 0.8608409361756292, 1.040285898157298
4, 388, 0.43250891291537996, 0.5368486114585782
5, 773, 0.2483175703857208, 0.2630927880708629
6, 1527, 0.13615125045684365, 0.12864450908684857
7, 3057, 0.07300370435215031, 0.06364530327546822
8, 6185, 0.03710298129092259, 0.031266826936173345
9, 12625, 0.016686796070618317, 0.015255038966279638
10, 25552, 0.007502965583171586, 0.007509437808123711
1, 59, 2.9628799291519354, 2.931484495781181
2, 110, 1.289651226159685, 1.4419875725955473
3, 220, 0.6452701031776656, 0.7201828293290298
4, 433, 0.3237733656149726, 0.35536032912873017
5, 862, 0.18779825371554568, 0.1794273848913352
6, 1707, 0.1015943201149099, 0.08861578026421225
7, 3350, 0.05533584034667787, 0.04454873786232139
8, 6619, 0.026473904959971553, 0.02255195170031354
9, 13289, 0.012427633026413643, 0.01127782428876961
10, 26684, 0.005469583408166259, 0.005565583304467294
1, 59, 1.8462524996704768, 1.7821364093464924
2, 115, 0.8691798409932114, 1.0807540516045555
3, 222, 0.44636761051884855, 0.5146408087781911
4, 420, 0.237510577160458, 0.25386813506900674
5, 816, 0.13186129539184913, 0.12738818443255454
6, 1610, 0.06612442577268995, 0.06344143225458236
7, 3211, 0.03893565578246355, 0.03145659050804519
8, 6361, 0.018220409579648374, 0.015752139082943543
9, 12866, 0.008357595695962531, 0.0077974355849867215
1, 59, 4.039985655188209, 3.8979670522882355
2, 107, 1.5821878470997734, 1.76806882706467
3, 212, 0.741910361328273, 0.8536943132949453
4, 421, 0.36594263579505587, 0.4135893984445141
5, 844, 0.2106792327703392, 0.20504294448665938
6, 1691, 0.11603850715330574, 0.10149677846717348
7, 3367, 0.061775697875208584, 0.050634659067816196
8, 6810, 0.028827241614177084, 0.024993215480368862
9, 13700, 0.01339098514743198, 0.012430282003612847
10, 27393, 0.005930784385420606, 0.006200908899066395
1, 59, 1.844123803154361, 1.8368358213548552
2, 114, 0.9144034829047404, 1.0735667686799866
3, 214, 0.46031263789120347, 0.530143406782206
4, 408, 0.24620482181924147, 0.26162848086597207
5, 806, 0.13369113313162292, 0.12927295617394188
6, 1593, 0.06770681548271099, 0.0643497430001722
7, 3183, 0.039172772376934895, 0.03226650930496106
8, 6317, 0.018519837731667675, 0.016449624819096686
9, 12733, 0.008617701024448622, 0.008098267474821832
1, 59, 3.5952861894177652, 3.1851260365490064
2, 106, 1.4760111654873802, 1.625787078478209
3, 209, 0.7303421628160928, 0.8167711659279625
4, 412, 0.38018639556625156, 0.40479644561537587
5, 833, 0.20913960506807125, 0.19754501299778973
6, 1665, 0.11306260280958108, 0.09819258828804629
7, 3334, 0.060367429549121485, 0.04844479182724449
8, 6732, 0.027736517566107496, 0.02385786515974166
9, 13662, 0.012797363826153445, 0.011776960359705902
10, 27535, 0.005628234105643027, 0.005803393980375448
1, 59, 0.5477403321485644, 0.7021920615935173
2, 119, 0.34292366163622773, 0.39149347978006477
3, 231, 0.20166281591019872, 0.19218737146061465
4, 440, 0.11026422480921935, 0.09602003474160148
5, 850, 0.05354019965427023, 0.04783080429635585
6, 1676, 0.030126545373165652, 0.02395786135397826
7, 3285, 0.016593863352943338, 0.01212885564431876
8, 6784, 0.006511808043423493, 0.005921357395804879
1, 59, 2.859180501566802, 3.0883378403667208
2, 111, 1.360005282502387, 1.430590386554541
3, 215, 0.645856582549632, 0.739137476678924
4, 429, 0.34032506688355346, 0.37252850996548187
5, 868, 0.18562003728968776, 0.178954338517518
6, 1734, 0.09838438612478483, 0.08780360101498731
7, 3425, 0.05214037758841842, 0.044162058865599964
8, 6810, 0.025687863111623545, 0.022425682301120034
9, 13698, 0.011925743319804975, 0.010964484640223779
10, 27453, 0.0053575326378304585, 0.005451701096440544
1, 59, 3.458462786712752, 3.9868504803316402
2, 108, 1.7629783617421382, 2.168199493922714
3, 197, 0.8945820433672261, 1.0853295763501978
4, 373, 0.43870537651881164, 0.543790216884029
5, 745, 0.24621537334116753, 0.2632497935913642
6, 1462, 0.1374677657183175, 0.13118958290190666
7, 2910, 0.07469687936169402, 0.06558359283469192
8, 5915, 0.037424969136135626, 0.03186240927421079
9, 12041, 0.0171235444601489, 0.015655285098373963
10, 24360, 0.007744048216810355, 0.007791162257012935
1, 59, 0.9822459839955535, 1.0168011548555613
2, 105, 0.5343575956593718, 0.5464168912637268
3, 198, 0.27984813391147334, 0.2929867900605245
4, 390, 0.15238699953997012, 0.1428074212177693
5, 769, 0.07933371738039231, 0.07091879860520053
6, 1527, 0.04050861050777858, 0.035916035414616486
7, 3040, 0.024595941462305596, 0.017810954810504636
8, 6171, 0.009891465958474344, 0.008990045005234922
1, 59, 2.8895189143605102, 2.5847073192226646
2, 100, 1.2820725571749751, 1.5962652486203766
3, 187, 0.6589815134716055, 0.7952087346842895
4, 356, 0.331790688481784, 0.38170770546420124
5, 709, 0.18159241748949143, 0.18703627649927307
6, 1407, 0.09814163410708807, 0.09202984291823071
7, 2795, 0.05276132317088246, 0.045708162267763267
8, 5580, 0.026806123460387837, 0.022940791521668905
9, 11318, 0.012141547621586826, 0.011191788485255658
10, 22835, 0.005601881071995759, 0.005512019748150802
1, 59, 3.5893818349181674, 4.20670500764243
2, 114, 1.7716571510697074, 1.9725483988150396
3, 218, 0.8140383148003968, 1.0112323026922128
4, 421, 0.4025217816940528, 0.49191154027854633
5, 844, 0.23596288197058585, 0.2460367700173941
6, 1681, 0.13009876148294688, 0.12073777628574746
7, 3358, 0.07052983378415775, 0.05946661558449897
8, 6773, 0.034644344258992675, 0.029273741765405054
9, 13713, 0.015829063909548004, 0.014525084063788187
10, 27544, 0.007063116084943089, 0.007255553475277159
11, 55744, 0.0034038489761045268, 0.0035256758702822003
1, 59, 3.540028785467718, 3.8832183603114974
2, 106, 1.7162807592928964, 1.9309301654517235
3, 203, 0.7998866194571368, 0.9760834167706258
4, 400, 0.404680420379629, 0.48421875940837655
5, 802, 0.23124742967910528, 0.23825892652004269
6, 1591, 0.12688991764228585, 0.11758303031415758
7, 3184, 0.06810620721494433, 0.0586354339885078
8, 6413, 0.033877542137418455, 0.028879546740494925
9, 13086, 0.015452816695590978, 0.014258842145950438
10, 26517, 0.006824611979016337, 0.006925016506530568
11, 53579, 0.0032861071221619354, 0.003399550165787433
1, 59, 1.4040080734993345, 1.9292289989834808
2, 112, 0.8319970621299595, 1.0504992330235214
3, 219, 0.4537544225830291, 0.5191478855640214
4, 413, 0.25457731021634716, 0.2564865833059467
5, 824, 0.1374910414922341, 0.12432979780800373
6, 1635, 0.06787307639312723, 0.06173515674454412
7, 3282, 0.03782206630277567, 0.03026452294882021
8, 6579, 0.017143026075055717, 0.01509088415765817
9, 13268, 0.007999419911825519, 0.007443394346868849
10, 26678, 0.0036640831084753557, 0.0036717555165269172
11, 53988, 0.0017645035829599559, 0.0018027327027303425
12, 108787, 0.001152473474821916, 0.0008926909899174006
13, 217887, 0.001185902341157279, 0.0004460083284301469
14, 383617, 0.0009020676343787988, 0.00029676250337996754
1, 59, 0.4439380311184526, 0.40624580556377443
2, 111, 0.23270056213203147, 0.2121105388760832
3, 209, 0.12631921947304128, 0.11478207409440581
4, 403, 0.06637507400472058, 0.05536719428745997
5, 805, 0.032958748612324736, 0.02895893569501516
6, 1606, 0.01766535026293978, 0.014688315713882752
7, 3220, 0.009412917336304541, 0.007610568086344333
8, 6539, 0.003678996610126576, 0.0035037885967857886
9, 13378, 0.001696327722979395, 0.0017503704753127714
10, 27199, 0.0009245450415439984, 0.00085012827615356
1, 59, 2.692126178720671, 2.853161598037753
2, 119, 1.2259583185402239, 1.4552916535436362
3, 225, 0.6502299048336038, 0.7452274065800786
4, 427, 0.3402915704219381, 0.37915843992027887
5, 840, 0.19294913077535128, 0.18999670768413127
6, 1657, 0.10339446149209162, 0.09569980326341955
7, 3309, 0.056840231291903236, 0.04709747097202978
8, 6566, 0.02831278482885467, 0.02376388884955546
9, 13184, 0.013085053554688838, 0.01198925402538441
10, 26362, 0.005946505357608414, 0.0058882399302287135
11, 52818, 0.002792707901316399, 0.002921010292245746
12, 105643, 0.0015896584343354674, 0.001455701375437173
13, 211354, 0.0013838061201297165, 0.0007273334414583386
14, 410606, 0.0013891127643755894, 0.00037916434977345253
15, 742174, 0.000885905085794688, 0.00030411119402960605
1, 59, 1.3852611324373247, 1.9099720699662472
2, 117, 0.902908768296691, 1.1160862863505971
3, 221, 0.47647344963090393, 0.5667562215730768
4, 410, 0.26055651151899595, 0.28040033239906226
5, 801, 0.1434000868986841, 0.13721799965860412
6, 1573, 0.07212713302116798, 0.06793630324540592
7, 3134, 0.042719720005454154, 0.03420944815856238
8, 6210, 0.01990234343982135, 0.01739624344537132
9, 12551, 0.009308586648467069, 0.008742520782325994
10, 25157, 0.004277448896057654, 0.0043899723955800815
11, 50495, 0.0020472875766762858, 0.0021784605923564917
12, 101421, 0.0012176280259441137, 0.0010715415773288471
13, 203055, 0.001176778948019915, 0.0005266920979611683
14, 365163, 0.0009194428636798904, 0.00030403008676700694
1, 59, 2.711202629040692, 2.5380541235909333
2, 119, 1.1923153321715203, 1.4056303347018004
3, 223, 0.578745004674759, 0.6869521650194322
4, 423, 0.3093323884924081, 0.34733042659151037
5, 838, 0.1732501737288632, 0.17338821822137376
6, 1655, 0.0903309204265494, 0.08584389686804288
7, 3303, 0.051034794977416885, 0.04266124283362542
8, 6526, 0.024809846609501814, 0.021793391082203368
9, 13075, 0.011835260131248013, 0.011028932950485978
10, 26086, 0.005389229085731411, 0.005327636995656249
11, 52141, 0.0025438256052567085, 0.0026341360756253263
12, 104669, 0.0014494917407270867, 0.001308425460581963
13, 209449, 0.0013412677615382692, 0.0006533186628993961
14, 396012, 0.00125455825381738, 0.00035704543969135793
15, 709960, 0.0012817367607496862, 0.001460868510223609
16, 1236503, 0.0005406486798762259, 0.00017107943055087886
1, 59, 1.1136093501232112, 1.1720930018795792
2, 121, 0.5909012985823456, 0.620034600187435
3, 232, 0.29246779314939586, 0.30895361966861873
4, 441, 0.16047452200944823, 0.15397473013515756
5, 872, 0.08366708524903131, 0.07611943318572224
6, 1726, 0.04316833961105491, 0.03818715628148281
7, 3424, 0.026475256598224355, 0.019145924823667466
8, 7063, 0.010344905013000637, 0.009227156925607737
9, 14410, 0.004778820728904773, 0.004477713809150924
10, 29153, 0.0021801556448524414, 0.002188187495831721
11, 59110, 0.001154628702177202, 0.0010717805311840475
12, 118388, 0.0010325680622266247, 0.0005345395409345095
13, 231173, 0.0007265018591774332, 0.00028058245333959707
1, 59, 4.639267413149631, 3.8418737860236103
2, 101, 1.7571237661564598, 2.5089612029946458
3, 182, 1.00905586648941, 1.2659888023249926
4, 336, 0.46860806360528245, 0.5893786727608162
5, 661, 0.26128851656074603, 0.2922311329748975
6, 1296, 0.14683059973276422, 0.14515921013246483
7, 2589, 0.0798303817090255, 0.07158888356062713
8, 5169, 0.042148349210012113, 0.035728436643258116
9, 10370, 0.01970371184806735, 0.017748171089609282
10, 20891, 0.008941836901505984, 0.008790236428736943
11, 42093, 0.004158157156507731, 0.004311846344080363
12, 84649, 0.0022315010182224876, 0.0021226457498824372
13, 169977, 0.0014469866013299775, 0.0010530857110613355
14, 339698, 0.00156291953476622, 0.0005268418314671726
15, 592646, 0.0014157238625258587, 0.00033394226515730274
16, 1094046, 0.0008698948894192564, 0.00021192635010429517
1, 59, 3.65872469881277, 3.941626766479141
2, 113, 1.5621408212576113, 1.804272151875146
3, 219, 0.7715678654613731, 0.8836216787278031
4, 441, 0.39157584170519955, 0.4328721003507956
5, 874, 0.2226191604350822, 0.2146716431192057
6, 1747, 0.12342673056399135, 0.10625280648628875
7, 3495, 0.06501110284994918, 0.05270738469309851
8, 7047, 0.030874873199229387, 0.026069240881447027
9, 14256, 0.01391008590052668, 0.012946561938101075
10, 28554, 0.0061768987090918374, 0.006432270361564433
11, 57667, 0.0030090467362606397, 0.0031713106875118527
12, 114699, 0.0017907228440082563, 0.0015913136519102727
13, 229423, 0.001493101706418273, 0.0007955365233384411
14, 443470, 0.0017178538150622233, 0.00042087182358953193
15, 702918, 0.0014811334446824878, 0.0003164341450016652
16, 1332099, 0.0009467946890842254, 0.00025032394281710823
1, 59, 2.119975810354469, 1.8669528003848244
2, 108, 0.8485858663413665, 1.0278875224736628
3, 205, 0.4722207346417639, 0.5368431956816931
4, 390, 0.24171585980150176, 0.2614390065414826
5, 763, 0.13232289141379644, 0.13028001441460596
6, 1512, 0.06769970626100226, 0.0640752362284991
7, 3020, 0.038973158474127044, 0.03158380384443215
8, 6000, 0.01845963409001609, 0.01576062686431049
9, 12154, 0.008421067462114533, 0.007989511567697519
10, 24449, 0.003939684057072248, 0.003909279430135385
11, 49110, 0.001862982813910589, 0.0018872832807674085
12, 98884, 0.001155163090818173, 0.0009329305734028567
13, 198150, 0.0011086977986055908, 0.00046553155408874904
14, 377330, 0.0007913686121869678, 0.00026780057194601394
1, 59, 1.011674901091085, 1.0695672710286446
2, 107, 0.5215370814668606, 0.5522276112896928
3, 198, 0.2788906898583121, 0.3057077539616994
4, 381, 0.1562109597672873, 0.14891330759974672
5, 746, 0.08158524943739648, 0.07394942445748522
6, 1475, 0.04168201731805241, 0.03704857927603364
7, 2937, 0.02538510865985095, 0.01860682340916528
8, 5986, 0.010331934485064372, 0.009044353356589999
9, 12288, 0.0046108543079621984, 0.004343404099802074
10, 25122, 0.00209124000822967, 0.0020897901585883814
11, 51405, 0.0010933985730634534, 0.0010099459075343516
12, 102965, 0.0009498170935669201, 0.0005033089822450759
1, 59, 1.7540119659227198, 1.8280701705621345
2, 9291, 0.015196234238988733, 0.012160628255484784
3, 20056, 0.00453384162545768, 0.004455419812420865
1, 59, 1.7308986788048097, 1.6257226835099463
2, 9294, 0.010885192898489642, 0.009231841943945725
3, 19258, 0.004503995600071534, 0.004353421875328419
1, 59, 2.147455974165204, 2.5449410705170186
2, 11826, 0.019311690660082155, 0.01715314470930413
3, 28605, 0.004971644054406258, 0.004922766417737701
1, 59, 3.0143545977400876, 2.83606806171796
2, 15665, 0.01659352944822135, 0.014616198765214914
3, 33787, 0.004517415249191775, 0.004575851563238158
1, 59, 2.2211662643598893, 2.128040711141062
2, 12027, 0.012096270147699801, 0.01129868863573542
3, 25225, 0.004468445967394736, 0.004392708122455022
1, 59, 4.256860145242604, 4.21902337240282
2, 20895, 0.01645234206081934, 0.014110623886063562
3, 43801, 0.00453553361387663, 0.004667232459309258
1, 59, 3.0296069212357057, 2.9861623505637342
2, 16299, 0.01288492046800112, 0.012042880951125767
3, 33871, 0.004422245687053778, 0.004527132241760762
1, 59, 1.86157731711749, 1.6926930217422673
2, 8972, 0.01751747716570713, 0.01458638340721663
3, 18920, 0.00464499078590799, 0.004493161154971792
1, 59, 3.48668746604766, 3.4285783584450997
2, 18560, 0.010365699181499623, 0.009718283701730621
3, 38307, 0.004117269762806379, 0.0043896003653933376
1, 59, 2.2909011446399337, 2.6360678063173317
2, 12199, 0.023394069750835134, 0.021660192224554682
3, 26720, 0.004728048965679105, 0.0047471117860427466
1, 59, 4.031984068684527, 4.422522667738561
2, 20311, 0.015293722408734525, 0.014738285821111783
3, 42525, 0.004460105773515384, 0.00470934697190756
1, 59, 3.1249112619348174, 2.763766086395997
2, 15902, 0.022250439967795736, 0.020426895749959262
3, 34992, 0.00450641405792372, 0.004565995853429539
