0.639344 0.864865 0.037037 0.248019
0.169014 0.652174 1.94231 0.730028
0.545455 0.0930233 2 0.67315
1.57576 0.434783 0.210526 0.30769
0.441176 9.5 0.25974 2.02204
1.18841 0.956522 0.0697674 0.331075
1.3913 0.755556 5 1.79024
0.519231 4.85 0.376812 1.13497
0.693878 0.5 0.0447761 0.182821
0.255319 1.8 1.03922 0.697297
0.340909 0.625 0.0625 0.177841
0.0421053 0.710526 1.63636 0.637225
0.777778 7.7 7.3 3.80778
1.32308 1.16 0.117021 0.399414
2.51613 1.32258 7.77778 2.84946
0.212766 2.57143 2 1.13556
1.66667 1 3.34783 1.37101
0.846154 0.405405 0.714286 0.379982
0.5375 0.418367 0.474747 0.279848
0.451613 0.028169 1.93939 0.632613
2.53846 0.347826 0.222222 0.390078
4.93333 2.325 0.176471 1.01127
0.733333 0.435644 1.64912 0.655199
0.81 0.0212766 1.08696 0.411342
0.575758 0.88 12.5 3.98358
1.12791 1.52542 0.0208333 0.424125
3.85714 1.19355 2.35897 1.33212
1.46154 0.410959 1.20988 0.591309
0.555556 2.1 0.0707071 0.496768
0.5625 0.432432 1.91667 0.717736
3.38462 0.0285714 0.260274 0.422258
0.685714 0.454545 7.42857 2.38805
0.461538 5.93333 0.511628 1.38631
2.2439 4.76471 0.529412 1.33615
1.1875 0.538462 1.88889 0.793109
0.428571 1.66038 1.55385 0.841086
5.53846 0.690722 2 1.29199
1.68 0.883333 1.24675 0.718693
0.625 0.711538 0.26 0.282808
0.232558 1.61538 1.12069 0.68254
0.767677 1.16667 0.605263 0.49168
0.708738 0.867347 0.0638298 0.263492
0.785714 0.972603 2.61538 1.05771
1.55556 0.695652 1.77778 0.828019
0.6 0.484848 3.45455 1.19333
1.73333 1.05495 6.84615 2.43817
3.26087 1.06061 0.0485437 0.552771
8.54545 2.46429 0.0238095 1.35455
1.33333 0.911765 6.1 2.14569
0.291262 1.7551 0.461538 0.518608
0.880952 0.722222 0.754717 0.458955
0.468085 1.19403 1.44444 0.718948
3.15625 1.78571 0.376623 0.785755
0.348315 1.23684 0.630435 0.47133
0.837838 4.64286 7.63636 3.30326
0.65625 3.28 0.652174 0.917277
0.731959 0.505263 0.8125 0.417999
13.8 1.97143 0.459016 1.91199
0.985507 0.04 0.911765 0.38008
9.8 0.457831 0.117647 1.10686
1.38298 1.76471 1.09524 0.81981
1.78571 0.322034 0.781818 0.477524
1.95 1.18605 0.204301 0.4935
0.150538 1.57895 34 10.5308
1.55556 0.771429 0.583333 0.484841
3.25 1.85185 1.37705 1.10849
11.6667 1.15789 0.714286 1.61253
1.25714 0.5 1.92857 0.804286
0.05 0.550562 0 0.115112
0.701754 15.6667 0.652778 3.39934
0.973684 0.32967 1.2381 0.534731
0.34375 0.730159 1.35714 0.58755
0.357143 1.42029 0.325581 0.417447
0.731183 1.27273 0.55 0.492664
0.351064 0.867647 10 3.20864
0.509434 30 0.156863 6.098
2.5 0.614458 0.618557 0.558459
0.671053 3.31034 0.727273 0.947356
0.940299 0.653846 0.347826 0.329147
2.64865 0.643678 0.780488 0.627747
0.25 0.83 0.816327 0.435898
2.26471 0.0740741 1.21875 0.60691
0.355556 39.5 1.18919 8.29231
0.764706 1.36842 0.632353 0.539861
0.980392 0.0873786 0.9 0.385515
1.71429 17.75 3.86364 4.88052
1.15254 9.11111 1.19643 2.29641
0.820896 0.931818 0.620253 0.454529
0.297872 1.41071 0.898305 0.581422
0.703704 1.52727 0.345455 0.479461
2.57576 0 0.693182 0.46553
0.118421 1.53659 2.8 1.15916
2.61111 1.07407 2.51852 1.23148
0.225 6.33333 0.55 1.45417
1.82759 0.260417 1.13253 0.574601
0.984615 0.931034 0.229508 0.353521
1.13043 0.609195 4.09091 1.46216
1.25926 0.840909 0.338462 0.395646
0.112245 0.1 7.83333 2.38122
30.3333 0.285714 0.45 3.22548
